Bandgap 3:14 PM 10/17/2019
Junction Voltage	Junction Current	Log Current	Standard Deviation of Current	Data Points
2.639E-2	1.928E-6	-1.316E+1	9.482E-8	5.000E+1
4.649E-2	4.794E-6	-1.225E+1	7.507E-8	5.000E+1
6.278E-2	8.532E-6	-1.167E+1	6.229E-8	5.000E+1
7.421E-2	1.227E-5	-1.131E+1	5.809E-8	5.000E+1
8.371E-2	1.621E-5	-1.103E+1	4.168E-8	5.000E+1
9.155E-2	2.029E-5	-1.081E+1	3.383E-8	5.000E+1
9.921E-2	2.493E-5	-1.060E+1	3.317E-8	5.000E+1
1.051E-1	2.920E-5	-1.044E+1	3.607E-8	5.000E+1
1.105E-1	3.355E-5	-1.030E+1	2.784E-8	5.000E+1
1.153E-1	3.793E-5	-1.018E+1	2.760E-8	5.000E+1
1.203E-1	4.281E-5	-1.006E+1	2.704E-8	5.000E+1
1.242E-1	4.729E-5	-9.959E+0	2.573E-8	5.000E+1
1.281E-1	5.180E-5	-9.868E+0	2.533E-8	5.000E+1
1.316E-1	5.633E-5	-9.784E+0	2.395E-8	5.000E+1
1.352E-1	6.133E-5	-9.699E+0	2.130E-8	5.000E+1
1.383E-1	6.590E-5	-9.627E+0	1.737E-8	5.000E+1
1.412E-1	7.050E-5	-9.560E+0	2.112E-8	5.000E+1
1.439E-1	7.510E-5	-9.497E+0	1.948E-8	5.000E+1
1.468E-1	8.018E-5	-9.431E+0	1.762E-8	5.000E+1
1.493E-1	8.481E-5	-9.375E+0	1.744E-8	5.000E+1
1.517E-1	8.944E-5	-9.322E+0	1.594E-8	5.000E+1
1.540E-1	9.411E-5	-9.271E+0	1.822E-8	5.000E+1
1.564E-1	9.923E-5	-9.218E+0	1.753E-8	5.000E+1
1.585E-1	1.039E-4	-9.172E+0	1.850E-8	5.000E+1
1.605E-1	1.086E-4	-9.128E+0	1.660E-8	5.000E+1
1.624E-1	1.133E-4	-9.086E+0	1.815E-8	5.000E+1
1.644E-1	1.180E-4	-9.045E+0	1.773E-8	5.000E+1
1.663E-1	1.231E-4	-9.002E+0	1.923E-8	5.000E+1
1.681E-1	1.278E-4	-8.965E+0	1.933E-8	5.000E+1
1.698E-1	1.325E-4	-8.929E+0	1.629E-8	5.000E+1
1.715E-1	1.373E-4	-8.894E+0	1.879E-8	5.000E+1
1.732E-1	1.425E-4	-8.856E+0	1.860E-8	5.000E+1
1.747E-1	1.472E-4	-8.824E+0	1.705E-8	5.000E+1
1.762E-1	1.519E-4	-8.792E+0	1.648E-8	5.000E+1
1.777E-1	1.566E-4	-8.762E+0	1.577E-8	5.000E+1
1.793E-1	1.619E-4	-8.729E+0	1.712E-8	5.000E+1
1.807E-1	1.666E-4	-8.700E+0	1.427E-8	5.000E+1
1.820E-1	1.714E-4	-8.672E+0	1.194E-8	5.000E+1
1.833E-1	1.761E-4	-8.644E+0	1.762E-8	5.000E+1
1.848E-1	1.813E-4	-8.615E+0	1.497E-8	5.000E+1
1.860E-1	1.861E-4	-8.589E+0	1.867E-8	5.000E+1
1.873E-1	1.908E-4	-8.564E+0	1.696E-8	5.000E+1
1.884E-1	1.956E-4	-8.539E+0	1.429E-8	5.000E+1
1.898E-1	2.008E-4	-8.513E+0	1.609E-8	5.000E+1
1.909E-1	2.056E-4	-8.490E+0	1.526E-8	5.000E+1
1.920E-1	2.104E-4	-8.467E+0	1.497E-8	5.000E+1
1.932E-1	2.151E-4	-8.444E+0	1.609E-8	5.000E+1
1.944E-1	2.204E-4	-8.420E+0	1.638E-8	5.000E+1
1.954E-1	2.251E-4	-8.399E+0	1.393E-8	5.000E+1
1.965E-1	2.299E-4	-8.378E+0	1.299E-8	5.000E+1
1.975E-1	2.347E-4	-8.357E+0	1.534E-8	5.000E+1
1.985E-1	2.395E-4	-8.337E+0	1.937E-8	5.000E+1
1.997E-1	2.447E-4	-8.315E+0	1.569E-8	5.000E+1
2.006E-1	2.495E-4	-8.296E+0	1.478E-8	5.000E+1
2.015E-1	2.543E-4	-8.277E+0	1.243E-8	5.000E+1
2.025E-1	2.591E-4	-8.258E+0	1.387E-8	5.000E+1
2.036E-1	2.644E-4	-8.238E+0	1.775E-8	5.000E+1
2.044E-1	2.692E-4	-8.220E+0	1.526E-8	5.000E+1
2.053E-1	2.740E-4	-8.203E+0	1.122E-8	5.000E+1
2.062E-1	2.787E-4	-8.185E+0	1.526E-8	5.000E+1
2.072E-1	2.840E-4	-8.166E+0	1.326E-8	5.000E+1
2.080E-1	2.888E-4	-8.150E+0	1.753E-8	5.000E+1
2.089E-1	2.936E-4	-8.133E+0	1.246E-8	5.000E+1
2.097E-1	2.984E-4	-8.117E+0	1.468E-8	5.000E+1
2.106E-1	3.037E-4	-8.100E+0	1.326E-8	5.000E+1
2.114E-1	3.085E-4	-8.084E+0	1.594E-8	5.000E+1
2.121E-1	3.133E-4	-8.068E+0	1.672E-8	5.000E+1
2.130E-1	3.181E-4	-8.053E+0	1.187E-8	5.000E+1
2.139E-1	3.234E-4	-8.037E+0	1.534E-8	5.000E+1
2.146E-1	3.282E-4	-8.022E+0	1.347E-8	5.000E+1
2.153E-1	3.330E-4	-8.007E+0	7.603E-9	5.000E+1
2.161E-1	3.378E-4	-7.993E+0	1.246E-8	5.000E+1
2.169E-1	3.431E-4	-7.978E+0	1.970E-8	5.000E+1
2.177E-1	3.479E-4	-7.964E+0	1.526E-8	5.000E+1
2.184E-1	3.527E-4	-7.950E+0	1.526E-8	5.000E+1
2.191E-1	3.575E-4	-7.936E+0	1.421E-8	5.000E+1
2.197E-1	3.623E-4	-7.923E+0	1.539E-8	5.000E+1
2.205E-1	3.676E-4	-7.908E+0	1.122E-8	5.000E+1
2.212E-1	3.724E-4	-7.895E+0	1.361E-8	5.000E+1
2.219E-1	3.772E-4	-7.883E+0	8.719E-9	5.000E+1
2.233E-1	3.874E-4	-7.856E+0	1.361E-8	5.000E+1
2.245E-1	3.970E-4	-7.832E+0	1.347E-8	5.000E+1
2.259E-1	4.071E-4	-7.806E+0	1.712E-8	5.000E+1
2.271E-1	4.167E-4	-7.783E+0	1.655E-8	5.000E+1
2.285E-1	4.269E-4	-7.759E+0	1.486E-8	5.000E+1
2.296E-1	4.365E-4	-7.737E+0	1.521E-8	5.000E+1
2.308E-1	4.466E-4	-7.714E+0	1.526E-8	5.000E+1
2.319E-1	4.563E-4	-7.692E+0	1.187E-8	5.000E+1
2.331E-1	4.664E-4	-7.670E+0	1.429E-8	5.000E+1
2.343E-1	4.760E-4	-7.650E+0	1.079E-8	5.000E+1
2.354E-1	4.857E-4	-7.630E+0	1.283E-8	5.000E+1
2.365E-1	4.958E-4	-7.609E+0	9.333E-9	5.000E+1
2.376E-1	5.055E-4	-7.590E+0	1.393E-8	5.000E+1
2.386E-1	5.156E-4	-7.570E+0	1.505E-8	5.000E+1
2.396E-1	5.253E-4	-7.552E+0	1.594E-8	5.000E+1
2.407E-1	5.354E-4	-7.532E+0	1.299E-8	5.000E+1
2.417E-1	5.451E-4	-7.515E+0	1.574E-8	5.000E+1
2.427E-1	5.552E-4	-7.496E+0	1.283E-8	5.000E+1
2.436E-1	5.649E-4	-7.479E+0	1.429E-8	5.000E+1
2.446E-1	5.751E-4	-7.461E+0	1.446E-8	5.000E+1
2.456E-1	5.847E-4	-7.444E+0	1.753E-8	5.000E+1
2.465E-1	5.949E-4	-7.427E+0	1.502E-8	5.000E+1
2.474E-1	6.046E-4	-7.411E+0	1.486E-8	5.000E+1
2.483E-1	6.147E-4	-7.394E+0	1.240E-8	5.000E+1
2.492E-1	6.244E-4	-7.379E+0	1.541E-8	5.000E+1
2.509E-1	6.442E-4	-7.347E+0	9.667E-9	5.000E+1
2.526E-1	6.641E-4	-7.317E+0	1.557E-8	5.000E+1
2.535E-1	6.742E-4	-7.302E+0	1.393E-8	5.000E+1
2.551E-1	6.941E-4	-7.273E+0	1.638E-8	5.000E+1
2.567E-1	7.139E-4	-7.245E+0	1.393E-8	5.000E+1
2.583E-1	7.333E-4	-7.218E+0	1.574E-8	5.000E+1
2.597E-1	7.531E-4	-7.191E+0	1.150E-8	5.000E+1
2.612E-1	7.730E-4	-7.165E+0	1.609E-8	5.000E+1
2.631E-1	7.982E-4	-7.133E+0	1.150E-8	5.000E+1
2.648E-1	8.229E-4	-7.103E+0	1.140E-8	5.000E+1
2.665E-1	8.477E-4	-7.073E+0	1.320E-8	5.000E+1
2.682E-1	8.724E-4	-7.044E+0	1.612E-8	5.000E+1
2.702E-1	9.024E-4	-7.010E+0	1.072E-8	5.000E+1
2.721E-1	9.320E-4	-6.978E+0	1.187E-8	5.000E+1
2.740E-1	9.621E-4	-6.946E+0	1.341E-8	5.000E+1
2.745E-1	9.713E-4	-6.937E+0	1.526E-8	5.000E+1
2.746E-1	9.713E-4	-6.937E+0	1.502E-8	5.000E+1
2.746E-1	9.713E-4	-6.937E+0	1.502E-8	5.000E+1
2.745E-1	9.713E-4	-6.937E+0	1.594E-8	5.000E+1
2.745E-1	9.713E-4	-6.937E+0	1.594E-8	5.000E+1
2.745E-1	9.713E-4	-6.937E+0	1.502E-8	5.000E+1
2.745E-1	9.713E-4	-6.937E+0	1.541E-8	5.000E+1
2.745E-1	9.713E-4	-6.937E+0	1.515E-8	5.000E+1
2.745E-1	9.713E-4	-6.937E+0	1.421E-8	5.000E+1
2.745E-1	9.713E-4	-6.937E+0	1.626E-8	5.000E+1
2.744E-1	9.713E-4	-6.937E+0	1.753E-8	5.000E+1
2.745E-1	9.713E-4	-6.937E+0	1.502E-8	5.000E+1
2.745E-1	9.713E-4	-6.937E+0	1.672E-8	5.000E+1
